4294967279,103
4294967279,102
4294967279,101
4294967279,100
4294967279,99
4294967279,98
4294967279,97
4294967279,96
4294967279,95
4294967279,94
4294967279,93
4294967279,92
4294967279,91
4294967279,90
4294967294,127
4294967278,5
4294967278,4
4294967279,132
4294967279,131
4294967279,130
4294967279,129
4294967279,128
4294967279,127
4294967279,126
4294967279,125
4294967279,124
4294967279,123
4294967279,122
4294967279,121
4294967279,120
4294967279,119
4294967279,118
4294967279,117
4294967279,116
4294967279,115
4294967279,114
4294967279,113
4294967279,112
4294967279,111
4294967279,110
4294967279,109
4294967279,108
4294967279,107
4294967279,106
4294967279,105
4294967279,104
4294967294,524
4294967278,146
4294967294,187
4294967279,292
4294967278,290
4294967278,144
4294967278,289
4294967278,142
4294967278,288
4294967278,140
4294967278,287
4294967278,138
4294967294,526
4294967294,390
4294967294,389
4294967294,114
4294967278,286
4294967278,136
4294967294,431
4294967278,285
4294967278,134
4294967294,173
4294967279,134
4294967278,274
4294967294,434
4294967279,275
4294967278,273
4294967294,537
4294967279,273
4294967278,284
4294967294,428
4294967294,1097
4294967279,271
4294967278,267
4294967294,423
4294967294,424
4294967279,269
4294967278,283
4294967294,522
4294967279,267
4294967278,282
4294967294,455
4294967278,281
4294967294,519
4294967294,1098
4294967294,9
4294967279,265
4294967294,427
4294967294,453
4294967294,120
4294967278,280
4294967294,446
4294967294,50
4294967294,182
4294967279,264
4294967278,36
4294967278,35
4294967278,34
4294967278,33
4294967278,32
4294967278,31
4294967278,30
4294967278,29
4294967278,28
4294967278,27
4294967278,26
4294967278,25
4294967278,24
4294967278,23
4294967278,22
4294967278,21
4294967278,20
4294967278,19
4294967278,18
4294967278,17
4294967278,16
4294967278,15
4294967278,14
4294967278,13
4294967278,12
4294967278,11
4294967278,10
4294967278,9
4294967278,8
4294967278,7
4294967278,6
4294967279,21
4294967279,20
4294967279,19
4294967279,16
4294967279,15
4294967294,1099
4294967294,81
4294967294,401
4294967294,184
4294967294,384
4294967294,188
4294967294,185
4294967294,11
4294967294,177
4294967294,1177
4294967294,467
4294967294,1023
4294967294,1019
4294967294,1004
4294967294,1096
0,5
4294967278,279
4294967294,69
4294967294,68
4294967294,54
4294967294,66
4294967294,65
4294967294,64
4294967294,63
4294967294,62
4294967294,57
4294967294,55
4294967294,56
4294967279,291
4294967294,454
4294967279,290
4294967279,289
4294967294,386
4294967294,449
4294967279,288
4294967279,287
4294967294,190
4294967294,399
4294967294,406
4294967294,420
4294967294,415
4294967294,180
4294967294,118
4294967294,414
4294967294,456
4294967279,286
4294967279,285
4294967294,395
4294967294,411
4294967294,398
4294967294,403
4294967294,169
4294967294,109
4294967294,163
4294967279,284
4294967294,89
4294967294,1022
4294967294,396
4294967294,419
4294967294,1152
4294967294,178
4294967294,407
4294967294,179
4294967294,385
4294967294,535
4294967294,160
4294967294,397
4294967294,116
4294967294,46
4294967294,91
4294967294,88
4294967294,87
4294967294,85
4294967294,84
4294967294,186
4294967294,413
4294967294,409
4294967294,53
4294967294,393
4294967294,430
4294967294,426
4294967294,103
4294967294,101
4294967294,100
4294967294,98
4294967294,96
4294967294,94
4294967279,262
4294967294,8
4294967279,0
4294967278,278
4294967278,260
4294967278,0
4294967294,22
4294967294,1172
4294967294,1170
4294967294,1153
4294967294,998
4294967294,995
4294967294,994
4294967294,993
4294967294,60
4294967294,61
4294967294,36
4294967294,388
4294967294,168
4294967294,161
4294967294,42
4294967294,39
4294967294,41
4294967294,165
4294967294,113
4294967294,115
4294967294,387
4294967294,51
4294967294,112
4294967294,167
4294967294,162
4294967294,31
4294967294,93
4294967294,95
4294967294,97
4294967294,76
4294967294,466
4294967294,394
4294967294,459
4294967294,458
4294967294,425
4294967294,1092
4294967294,1015
4294967294,1095
4294967294,1012
4294967294,82
4294967294,1094
4294967294,1093
4294967294,1011
4294967294,1006
4294967294,1009
4294967294,1001
4294967294,1090
4294967294,1088
4294967294,126
4294967294,18
